48 48
21 21
21 21
21 21
21 21
21 21
21 21
21 21
21 21
21 21
21 21
21 21
21 21
21 21
21 21
21 21
21 21
21 21
21 21
22 21
21 21
21 21
0
0
0
0
0
0
21 21
21 21
21 21
21 21
21 21
21 21
21 21
21 21
21 21
21 21
21 21
21 21
21 21
21 21
21 21
21 21
21 21
21 21
22 21
21 21
21 21
21 21
21 21
21 21
21 21
21 21
21 21
21 21
21 21
21 21
21 21
21 21
21 21
21 21
21 21
21 21
21 21
21 21
21 21
21 21
21 21
21 21
1 1
0
0
0
0
0
21 21
21 21
21 21
21 21
21 21
21 21
21 21
21 21
21 21
21 21
21 21
21 21
21 21
21 21
21 21
21 21
21 21
21 21
21 21
21 21
21 21
48 48
48
48
48
48
48
5 7 7 5
5 7 7 5
5 7 7 5
5 7 7 5
5 7 7 5
5 7 7 5
5 7 7 5
5 7 7 5
48
48
48
48
48
48
48
5 7 7 5
5 7 7 5
5 7 7 5
5 7 7 5
5 7 7 5
5 7 7 5
5 7 7 5
5 7 7 5
48
48
48
48
48
48
48
5 7 7 5
5 7 7 5
5 7 7 5
5 7 7 5
5 7 7 5
5 7 7 5
5 7 7 5
5 7 7 5
48
48
48
48
48
48
48
48
48
48
5 7 7 5
5 7 7 5
5 7 7 5
5 7 7 5
5 7 7 5
5 7 7 5
5 7 7 5
5 7 7 5
48
48
48
48
48
48
48
5 7 7 5
5 7 7 5
5 7 7 5
5 7 7 5
5 7 7 5
5 7 7 5
5 7 7 5
5 7 7 5
48
48
48
48
48
48
48
5 7 7 5
5 7 7 5
5 7 7 5
5 7 7 5
5 7 7 5
5 7 7 5
5 7 7 5
5 7 7 5
48
48
48
48
48
48 48
48
48
48
5 7 7 5
4 5 5 4
3 3 3 3
3 3 3 3
3 3 3 3
3 3 3 3
3 3 3 3
3 3 3 3
3 3 3 3
3 3 3 3
4 5 5 4
5 7 7 5
48
48
48
5 7 7 5
4 5 5 4
3 3 3 3
3 3 3 3
3 3 3 3
3 3 3 3
3 3 3 3
3 3 3 3
3 3 3 3
3 3 3 3
4 5 5 4
5 7 7 5
48
48
48
5 7 7 5
4 5 5 4
3 3 3 3
3 3 3 3
3 3 3 3
3 3 3 3
3 3 3 3
3 3 3 3
3 3 3 3
3 3 3 3
4 5 5 4
5 7 7 5
48
48
48
48
48
48
5 7 7 5
4 5 5 4
3 3 3 3
3 3 3 3
3 3 3 3
3 3 3 3
3 3 3 3
3 3 3 3
3 3 3 3
3 3 3 3
4 5 5 4
5 7 7 5
48
48
48
5 7 7 5
4 5 5 4
3 3 3 3
3 3 3 3
3 3 3 3
3 3 3 3
3 3 3 3
3 3 3 3
3 3 3 3
3 3 3 3
4 5 5 4
5 7 7 5
48
48
48
5 7 7 5
4 5 5 4
3 3 3 3
3 3 3 3
3 3 3 3
3 3 3 3
3 3 3 3
3 3 3 3
3 3 3 3
3 3 3 3
4 5 5 4
5 7 7 5
48
48
48
48 48
0
0
0
3
4
2 3 2
3 3 4
4 3 5
5 3 5
5 3 5
5 3 5
5 3 5
13
11
9
7
5
3
3
3
3
3 6
3 7
3 6
3 6
3 6
3 6
3 6 6
3 7 6
3 6 6
3 6 6
3 6 6
3 6 6
3 6 6
3 6 6
3 6 6
3 6 6 6
3 7 6 6
3 6 6 6
3 6 6 6
3 6 6 6
3 6 6 6
3 6 6 6
3 6 6 6
3 6 6 6
3 6 6 6
3 6 6 6
3 6 6 6
4
5
5
5
5
5
5
5
1 5
45
45
45
5
5
5
5
5
5 1
5 12
5 12
4 12
2 12
12
12
0
0
0
0
0
1
21
21
21
21
21
21
0
0
0
0
0
1
27
27
27
27
27
27
48 48
0
0
0
33
33
33
33
33
33
34
33
33
0
0
0
0
0
0
0
0
0
45
45
45
45
45
45
45
45
45
0
0
0
0
0
0
0
0
0
27
27
27
27
27
27
28
27
27
0
0
0
9
9
9
9
9
9
9 9
9 9
9 9
9 9 9
9 9 9
9 9 9
9 9 9
9 9 9
9 9 9
9 9 9
9 9 9
9 9 9
9 9 9
9 9 9
9 9 9
9 9 9
9 9 9
9 9 9
9 9 9
9 9 9
9 9 9
9 9 9
9 9 9
9 9 9
9 9 9
9 9 9
9 9 9
9 9 9
9 9 9
9 9 9
9 9 1
9 9
9 9
1 9
9
9
9
9
9
